3 0.05889423076923077 0.44471153846153844 0.07211538461538461 0.3942307692307692
3 0.13701923076923078 0.5048076923076923 0.06009615384615385 0.3894230769230769
3 0.20432692307692307 0.4543269230769231 0.052884615384615384 0.4567307692307692
3 0.2800480769230769 0.42788461538461536 0.055288461538461536 0.3942307692307692
3 0.3485576923076923 0.4074519230769231 0.06490384615384616 0.4543269230769231
3 0.42788461538461536 0.49158653846153844 0.052884615384615384 0.3942307692307692
3 0.49759615384615385 0.43028846153846156 0.06971153846153846 0.40865384615384615
3 0.5745192307692307 0.49399038461538464 0.06009615384615385 0.375
3 0.6550480769230769 0.484375 0.057692307692307696 0.41586538461538464
3 0.7127403846153846 0.5612980769230769 0.04807692307692308 0.36538461538461536
3 0.765625 0.4519230769230769 0.057692307692307696 0.38461538461538464
3 0.8305288461538461 0.515625 0.052884615384615384 0.375
3 0.9002403846153846 0.5048076923076923 0.06971153846153846 0.4230769230769231